1.000000 1.000000 1.000000 -3.360488 -2.343924 -2.963782 -2.354208
2.000000 1.000000 1.000000 -2.203957 -0.042601 -0.983511 -1.253194
3.000000 1.000000 1.000000 -1.931118 -0.408459 -0.589801 -1.020364
4.000000 1.000000 1.000000 -1.382621 0.511627 0.215080 -0.538948
5.000000 1.000000 1.000000 -1.120191 0.503711 0.343463 -0.384855
6.000000 1.000000 1.000000 -0.985787 0.051937 0.080980 -0.402258
7.000000 1.000000 1.000000 -1.030432 -1.041885 -0.612790 -0.626952
8.000000 1.000000 1.000000 -0.901801 -1.455966 -1.005343 -0.683705
9.000000 1.000000 1.000000 -0.696333 -1.470558 -1.170863 -0.639242
10.000000 1.000000 1.000000 -0.676464 -1.972149 -1.502250 -0.729559
11.000000 1.000000 1.000000 -0.315092 -1.010762 -0.991632 -0.418260
12.000000 1.000000 1.000000 -0.183537 -0.669311 -0.685963 -0.273782
13.000000 1.000000 1.000000 0.020634 0.092721 -0.090473 -0.012226
14.000000 1.000000 1.000000 0.298355 1.182949 0.701278 0.340086
15.000000 1.000000 1.000000 0.113714 0.541092 0.600719 0.219488
16.000000 1.000000 1.000000 0.594380 2.149839 1.563066 0.716085
17.000000 1.000000 1.000000 0.317804 0.758502 0.926628 0.398790
18.000000 1.000000 1.000000 0.804076 1.834130 1.443827 0.770403
19.000000 1.000000 1.000000 0.712270 0.492540 0.700006 0.508831
20.000000 1.000000 1.000000 1.107292 0.603291 0.706536 0.690508
21.000000 1.000000 1.000000 1.450023 0.208551 0.566784 0.804884
22.000000 1.000000 1.000000 2.076859 0.493692 0.970253 1.207188
23.000000 1.000000 1.000000 3.154427 1.963374 2.260060 2.073556
24.000000 1.000000 1.000000 -0.567599 -1.426795 -2.466023 -1.009105
25.000000 1.000000 1.000000 0.698102 1.143106 -0.414743 0.163620
26.000000 1.000000 1.000000 0.800473 0.256764 -0.233290 0.255481
27.000000 1.000000 1.000000 1.091288 0.541746 0.402821 0.567299
28.000000 1.000000 1.000000 -1.652739 -0.060024 -0.063375 -0.732428
29.000000 1.000000 1.000000 -1.394435 0.390208 0.353540 -0.497194
30.000000 1.000000 1.000000 -1.216306 0.470070 0.431987 -0.396149
31.000000 1.000000 1.000000 -0.935405 0.797123 0.505994 -0.247775
32.000000 1.000000 1.000000 -2.489638 -5.639716 -2.902852 -1.959427
33.000000 1.000000 1.000000 -0.784871 -0.273629 -0.411112 -0.449022
34.000000 1.000000 1.000000 -0.507998 -0.021091 -0.457780 -0.336886
35.000000 1.000000 1.000000 -0.980665 -2.330124 -1.712268 -0.923094
36.000000 1.000000 1.000000 -0.371981 -0.499839 -0.780388 -0.374868
37.000000 1.000000 1.000000 -0.017589 0.623444 -0.094758 -0.016804
38.000000 1.000000 1.000000 -0.374670 -0.674701 -0.540164 -0.317218
39.000000 1.000000 1.000000 -0.120222 0.304906 0.202243 0.009962
40.000000 1.000000 1.000000 0.099108 1.081171 0.838515 0.290147
41.000000 1.000000 1.000000 -0.035535 0.355620 0.677486 0.175434
42.000000 1.000000 1.000000 0.424436 1.444380 1.368351 0.583971
43.000000 1.000000 1.000000 0.792837 1.755745 1.624392 0.824471
44.000000 1.000000 1.000000 1.091270 1.294573 1.498493 0.921950
45.000000 1.000000 1.000000 1.668774 1.269030 1.680044 1.237559
46.000000 1.000000 1.000000 2.249533 0.609888 1.737662 1.517613
47.000000 1.000000 1.000000 -1.261633 -2.454293 -3.044557 -1.481818
48.000000 1.000000 1.000000 -0.141584 -0.859086 -1.706048 -0.581519
49.000000 1.000000 1.000000 0.337883 -0.719806 -1.181153 -0.213879
50.000000 1.000000 1.000000 0.637231 -0.560397 -0.686454 0.061515
51.000000 1.000000 1.000000 0.943304 0.087388 0.020132 0.401517
52.000000 1.000000 1.000000 0.850387 -0.460553 0.074127 0.367587
53.000000 1.000000 1.000000 1.388312 1.342709 1.227112 0.945348
54.000000 1.000000 1.000000 0.885229 -0.720527 0.328382 0.446389
55.000000 1.000000 1.000000 -1.262789 0.960702 0.678105 -0.338120
56.000000 1.000000 1.000000 -1.378908 -0.067627 0.065562 -0.572874
57.000000 1.000000 1.000000 -1.268842 -0.424662 -0.289342 -0.627433
58.000000 1.000000 1.000000 -1.315518 -1.409991 -0.990311 -0.854761
59.000000 1.000000 1.000000 -1.086411 -1.344420 -1.138461 -0.794136
60.000000 1.000000 1.000000 -0.948452 -1.463035 -1.304965 -0.781680
61.000000 1.000000 1.000000 -1.075873 -2.341434 -1.746641 -0.972891
62.000000 1.000000 1.000000 -1.060065 -2.498422 -1.710445 -0.960042
63.000000 1.000000 1.000000 -0.800289 -1.635831 -1.061079 -0.657070
64.000000 1.000000 1.000000 -0.527688 -0.718921 -0.314914 -0.320583
65.000000 1.000000 1.000000 -0.325428 -0.217110 0.255517 -0.067833
66.000000 1.000000 1.000000 0.206846 1.136793 1.259264 0.463661
67.000000 1.000000 1.000000 0.087415 -0.404102 0.809721 0.271830
68.000000 1.000000 1.000000 1.320209 2.268749 2.506708 1.329381
69.000000 1.000000 1.000000 1.683703 0.944742 2.292301 1.429338
70.000000 1.000000 1.000000 -1.539814 -1.177520 -2.067933 -1.313969
71.000000 1.000000 1.000000 -1.112338 -2.399773 -2.296528 -1.187943
72.000000 1.000000 1.000000 -0.338349 -1.621497 -1.665874 -0.651381
73.000000 1.000000 1.000000 0.199426 -1.048202 -1.189247 -0.268890
74.000000 1.000000 1.000000 0.307322 -1.482362 -1.207568 -0.229515
75.000000 1.000000 1.000000 0.160882 -2.409284 -1.436361 -0.369521
76.000000 1.000000 1.000000 0.631975 -0.810240 -0.366756 0.152927
77.000000 1.000000 1.000000 0.909298 0.211537 0.410355 0.500695
78.000000 1.000000 1.000000 1.019212 0.602176 0.824729 0.666008
79.000000 1.000000 1.000000 1.078030 0.665948 0.989490 0.735923
80.000000 1.000000 1.000000 1.457405 1.684733 1.524960 1.062806
81.000000 1.000000 1.000000 1.646950 1.798753 1.497248 1.139247
82.000000 1.000000 1.000000 -1.444241 -0.271291 -0.221358 -0.680812
83.000000 1.000000 1.000000 -1.202118 -0.207502 -0.394168 -0.621114
84.000000 1.000000 1.000000 -1.269362 -1.237256 -1.096914 -0.858653
85.000000 1.000000 1.000000 -2.108275 -4.950316 -3.073907 -1.824002
86.000000 1.000000 1.000000 -1.102154 -1.804304 -1.490596 -0.902511
87.000000 1.000000 1.000000 -0.792209 -1.045992 -0.971291 -0.613320
88.000000 1.000000 1.000000 -0.871097 -1.655190 -1.004202 -0.665498
89.000000 1.000000 1.000000 -0.292363 0.002838 0.220103 -0.049051
90.000000 1.000000 1.000000 0.107623 0.675664 1.046812 0.368680
91.000000 1.000000 1.000000 0.722849 1.547233 2.059387 0.939713
92.000000 1.000000 1.000000 1.476253 2.083696 3.002257 1.554228
93.000000 1.000000 1.000000 -1.956036 -0.455841 -1.397168 -1.298589
94.000000 1.000000 1.000000 -1.405640 -1.079141 -1.248458 -1.006782
95.000000 1.000000 1.000000 -0.352215 0.641015 -0.180943 -0.213708
96.000000 1.000000 1.000000 -0.019018 0.191665 -0.358135 -0.114528
97.000000 1.000000 1.000000 -0.055607 -1.185935 -1.060008 -0.338672
98.000000 1.000000 1.000000 0.289790 -0.782747 -0.848462 -0.121162
99.000000 1.000000 1.000000 0.656367 0.056684 -0.350684 0.188538
100.000000 1.000000 1.000000 0.746364 0.186440 -0.127753 0.289615
101.000000 1.000000 1.000000 0.747139 0.188987 0.095717 0.348943
102.000000 1.000000 1.000000 0.767801 0.340458 0.417723 0.445862
103.000000 1.000000 1.000000 0.995370 1.197121 1.066372 0.733634
104.000000 1.000000 1.000000 0.823657 0.456192 0.837586 0.582469
105.000000 1.000000 1.000000 1.203352 1.506902 1.403714 0.918274
106.000000 1.000000 1.000000 1.419662 1.744023 1.451593 1.028933
107.000000 1.000000 1.000000 1.707792 2.060800 1.453524 1.160253
108.000000 1.000000 1.000000 1.412517 0.153311 0.299527 0.686246
109.000000 1.000000 1.000000 -1.625824 -1.842531 -1.386629 -1.099820
110.000000 1.000000 1.000000 -1.203396 -1.124361 -1.111889 -0.827608
111.000000 1.000000 1.000000 -1.043051 -1.301083 -1.145693 -0.767398
112.000000 1.000000 1.000000 -0.358886 0.422953 -0.046707 -0.137148
113.000000 1.000000 1.000000 -0.311730 -0.304962 0.016346 -0.103945
114.000000 1.000000 1.000000 0.224488 0.386017 0.991353 0.419142
115.000000 1.000000 1.000000 1.287040 2.351082 2.805159 1.428298
116.000000 1.000000 1.000000 -2.624093 -1.495207 -2.034787 -1.775968
117.000000 1.000000 1.000000 -1.538797 0.274223 -0.458457 -0.824019
118.000000 1.000000 1.000000 -1.127391 0.023842 -0.200652 -0.564811
119.000000 1.000000 1.000000 -0.600807 0.457485 0.156273 -0.221823
120.000000 1.000000 1.000000 -0.325212 0.170735 -0.018849 -0.148328
121.000000 1.000000 1.000000 -0.355553 -1.045472 -0.748593 -0.376934
122.000000 1.000000 1.000000 -0.186137 -1.327648 -1.017338 -0.379284
123.000000 1.000000 1.000000 0.093096 -0.967938 -0.907557 -0.221464
124.000000 1.000000 1.000000 0.121752 -1.260379 -1.030517 -0.248083
125.000000 1.000000 1.000000 0.323606 -0.689561 -0.617146 -0.039720
126.000000 1.000000 1.000000 0.728461 0.788432 0.332494 0.417609
127.000000 1.000000 1.000000 0.536167 0.172162 0.266088 0.303192
128.000000 1.000000 1.000000 0.859259 1.389568 1.102175 0.689550
129.000000 1.000000 1.000000 0.882112 1.378261 1.252350 0.738373
130.000000 1.000000 1.000000 0.551410 -0.126984 0.551370 0.377289
131.000000 1.000000 1.000000 0.998489 0.951400 1.042924 0.723431
132.000000 1.000000 1.000000 1.130106 0.658145 0.766101 0.701181
133.000000 1.000000 1.000000 1.850166 2.317423 1.443879 1.228798
134.000000 1.000000 1.000000 1.617700 0.383766 0.361881 0.804281
135.000000 1.000000 1.000000 1.905445 0.227142 0.295170 0.914500
136.000000 1.000000 1.000000 -0.678055 -0.603308 -0.426310 -0.383496
137.000000 1.000000 1.000000 -0.288686 -0.783286 -0.057885 -0.103027
138.000000 1.000000 1.000000 0.229829 -0.942053 0.614524 0.323540
139.000000 1.000000 1.000000 -3.058647 -2.451537 -3.013278 -2.240887
140.000000 1.000000 1.000000 -2.384207 -1.890364 -1.902202 -1.615448
141.000000 1.000000 1.000000 -1.681703 -0.663483 -0.691884 -0.946767
142.000000 1.000000 1.000000 -1.072917 0.523500 0.271111 -0.391746
143.000000 1.000000 1.000000 -0.502743 1.684045 1.012132 0.082458
144.000000 1.000000 1.000000 -0.376662 1.244085 0.776614 0.068847
145.000000 1.000000 1.000000 -0.584975 -0.421427 -0.193107 -0.311830
146.000000 1.000000 1.000000 -0.533382 -1.117793 -0.728778 -0.445786
147.000000 1.000000 1.000000 -0.182340 -0.630997 -0.655973 -0.264621
148.000000 1.000000 1.000000 -0.115507 -1.006974 -0.946710 -0.321200
149.000000 1.000000 1.000000 0.340457 0.246107 -0.315426 0.069148
150.000000 1.000000 1.000000 0.390435 0.245567 -0.204497 0.119522
151.000000 1.000000 1.000000 0.319896 -0.018421 -0.138823 0.100208
152.000000 1.000000 1.000000 0.574119 0.981823 0.605382 0.427858
153.000000 1.000000 1.000000 0.524052 0.849060 0.770856 0.446707
154.000000 1.000000 1.000000 0.672989 1.294389 1.169186 0.625806
155.000000 1.000000 1.000000 0.729793 1.164285 1.191845 0.653979
156.000000 1.000000 1.000000 0.947155 1.312503 1.267572 0.772718
157.000000 1.000000 1.000000 1.009134 0.563737 0.838843 0.673669
158.000000 1.000000 1.000000 1.372084 0.569965 0.798823 0.826932
159.000000 1.000000 1.000000 1.856855 0.677172 0.904376 1.078343
160.000000 1.000000 1.000000 2.314399 0.311856 0.963131 1.302350
161.000000 1.000000 1.000000 3.243774 1.194243 1.933227 2.007508
162.000000 1.000000 1.000000 -0.403080 -1.973741 -2.706613 -1.015093
163.000000 1.000000 1.000000 -2.774613 -2.755892 -2.869836 -2.056474
164.000000 1.000000 1.000000 -1.950792 -1.042178 -1.391725 -1.254086
165.000000 1.000000 1.000000 -1.618694 -0.600829 -0.673811 -0.899434
166.000000 1.000000 1.000000 -0.977631 1.224787 0.605323 -0.237958
167.000000 1.000000 1.000000 -0.876794 1.150070 0.781890 -0.145604
168.000000 1.000000 1.000000 -0.882714 0.613433 0.576474 -0.212401
169.000000 1.000000 1.000000 -0.921840 -0.177310 0.110952 -0.369012
170.000000 1.000000 1.000000 -0.566688 0.342599 0.209495 -0.178551
171.000000 1.000000 1.000000 -0.528329 -0.339747 -0.336720 -0.321600
172.000000 1.000000 1.000000 -0.450129 -0.832493 -0.769822 -0.413526
173.000000 1.000000 1.000000 -0.427651 -1.387164 -1.164576 -0.520719
174.000000 1.000000 1.000000 -0.650771 -2.627920 -1.801169 -0.812716
175.000000 1.000000 1.000000 0.509371 1.372982 0.306312 0.331371
176.000000 1.000000 1.000000 0.112449 -0.101369 -0.243410 -0.017635
177.000000 1.000000 1.000000 0.274006 0.532950 0.321499 0.215045
178.000000 1.000000 1.000000 0.335413 0.753318 0.687222 0.343497
179.000000 1.000000 1.000000 0.567020 1.395890 1.232766 0.603306
180.000000 1.000000 1.000000 0.660473 1.204517 1.305772 0.662566
181.000000 1.000000 1.000000 1.152728 2.015277 1.837595 1.040253
182.000000 1.000000 1.000000 1.182607 0.616271 1.259119 0.881852
183.000000 1.000000 1.000000 1.992512 1.449577 1.879714 1.432449
184.000000 1.000000 1.000000 2.909303 1.999927 2.539733 2.043004
185.000000 1.000000 1.000000 -1.452617 -4.185935 -3.827316 -1.810251
186.000000 1.000000 1.000000 0.075826 -1.156429 -1.792428 -0.518501
187.000000 1.000000 1.000000 0.717143 -0.480876 -1.023791 -0.004947
188.000000 1.000000 1.000000 0.493971 -2.260025 -1.523798 -0.260057
189.000000 1.000000 1.000000 1.318755 0.248700 0.106584 0.588377
190.000000 1.000000 1.000000 -1.751459 -1.212917 -0.807654 -0.992505
191.000000 1.000000 1.000000 -1.081431 1.097347 0.613752 -0.275777
192.000000 1.000000 1.000000 -1.611491 -1.018727 -0.288957 -0.788577
193.000000 1.000000 1.000000 -1.297597 -0.239940 0.144106 -0.521874
194.000000 1.000000 1.000000 -1.245978 -0.613720 -0.116794 -0.577083
195.000000 1.000000 1.000000 -0.950775 -0.270277 -0.105604 -0.439770
196.000000 1.000000 1.000000 -1.283971 -2.291479 -1.324816 -0.950219
197.000000 1.000000 1.000000 -0.921348 -1.762224 -1.250545 -0.763118
198.000000 1.000000 1.000000 -0.814811 -2.035978 -1.515534 -0.793623
199.000000 1.000000 1.000000 -0.488105 -1.316943 -1.180326 -0.548826
200.000000 1.000000 1.000000 -0.181722 -0.467726 -0.662999 -0.261561
201.000000 1.000000 1.000000 -0.230845 -0.760697 -0.611240 -0.274943
202.000000 1.000000 1.000000 0.105477 0.376072 0.239636 0.121493
203.000000 1.000000 1.000000 0.296646 0.851739 0.803998 0.367285
204.000000 1.000000 1.000000 0.159367 -0.188672 0.623119 0.244729
205.000000 1.000000 1.000000 0.985826 1.753587 1.948054 1.005753
206.000000 1.000000 1.000000 1.602502 2.240473 2.572271 1.466403
207.000000 1.000000 1.000000 1.816494 0.413108 2.124698 1.429284
208.000000 1.000000 1.000000 -1.363346 -1.532146 -2.137384 -1.265388
209.000000 1.000000 1.000000 -0.216574 -0.150236 -1.061290 -0.427553
210.000000 1.000000 1.000000 0.054494 -1.228278 -1.378479 -0.398864
211.000000 1.000000 1.000000 0.822342 0.133335 -0.529301 0.198502
212.000000 1.000000 1.000000 0.948440 -0.286339 -0.566160 0.241146
213.000000 1.000000 1.000000 1.170643 0.081265 -0.166524 0.454441
214.000000 1.000000 1.000000 1.358676 0.627683 0.361754 0.688795
215.000000 1.000000 1.000000 1.274144 0.335546 0.478666 0.677374
216.000000 1.000000 1.000000 2.192849 3.686665 2.392452 1.652323
217.000000 1.000000 1.000000 -1.550923 -0.118910 0.124365 -0.632169
218.000000 1.000000 1.000000 -1.139628 1.067295 0.769727 -0.258828
219.000000 1.000000 1.000000 -0.783074 1.834726 1.093842 -0.003132
220.000000 1.000000 1.000000 -0.954378 0.504256 0.273174 -0.323375
221.000000 1.000000 1.000000 -1.153336 -1.025492 -0.696309 -0.699201
222.000000 1.000000 1.000000 -1.017957 -1.337516 -1.047426 -0.740772
223.000000 1.000000 1.000000 -0.837203 -1.387977 -1.204022 -0.705394
224.000000 1.000000 1.000000 -0.596222 -1.069969 -1.066575 -0.557673
225.000000 1.000000 1.000000 -0.463375 -1.004211 -0.920021 -0.458471
226.000000 1.000000 1.000000 0.296634 1.395151 0.540009 0.311312
227.000000 1.000000 1.000000 0.346484 1.118503 0.785061 0.398677
228.000000 1.000000 1.000000 0.355598 0.383213 0.909817 0.431614
229.000000 1.000000 1.000000 1.110840 1.796759 2.211514 1.151259
230.000000 1.000000 1.000000 1.971034 2.769252 3.397623 1.885620
231.000000 1.000000 1.000000 -1.798950 -0.944952 -1.566263 -1.287631
232.000000 1.000000 1.000000 -0.641243 0.677837 -0.268500 -0.381253
233.000000 1.000000 1.000000 -0.809389 -2.014823 -1.406892 -0.794225
234.000000 1.000000 1.000000 0.059231 -0.524073 -0.611271 -0.164726
235.000000 1.000000 1.000000 0.522557 -0.114764 -0.429442 0.099246
236.000000 1.000000 1.000000 0.302330 -1.810168 -1.294772 -0.257544
237.000000 1.000000 1.000000 0.930260 -0.073696 -0.372245 0.296688
238.000000 1.000000 1.000000 1.252927 0.855249 0.229420 0.615632
239.000000 1.000000 1.000000 1.115329 0.327459 0.172456 0.529606
240.000000 1.000000 1.000000 1.387977 1.389896 0.950188 0.875506
241.000000 1.000000 1.000000 1.348328 1.297940 1.133024 0.904240
242.000000 1.000000 1.000000 2.226751 4.410467 2.860664 1.807052
243.000000 1.000000 1.000000 1.551545 1.682939 1.554442 1.110681
244.000000 1.000000 1.000000 -1.516240 -0.061956 0.120121 -0.617058
245.000000 1.000000 1.000000 -1.210194 0.353738 0.188693 -0.458243
246.000000 1.000000 1.000000 -1.302065 -0.804368 -0.583352 -0.727243
247.000000 1.000000 1.000000 -1.162245 -1.168845 -0.946491 -0.770315
248.000000 1.000000 1.000000 -1.390583 -2.849582 -1.895104 -1.154384
249.000000 1.000000 1.000000 -0.712811 -1.197595 -1.035102 -0.594923
250.000000 1.000000 1.000000 0.358339 1.880724 0.718917 0.404873
251.000000 1.000000 1.000000 0.223437 0.452868 0.410823 0.246209
252.000000 1.000000 1.000000 0.278395 -0.621204 0.490157 0.286542
253.000000 1.000000 1.000000 1.421461 1.643541 2.458212 1.377721
254.000000 1.000000 1.000000 -1.619843 0.985857 -0.764450 -0.954459
255.000000 1.000000 1.000000 -1.195286 0.403793 -0.345817 -0.644709
256.000000 1.000000 1.000000 -0.627782 0.771626 0.248339 -0.215809
257.000000 1.000000 1.000000 -0.385828 0.215474 0.129790 -0.142820
258.000000 1.000000 1.000000 -0.052225 0.163982 0.085199 -0.004682
259.000000 1.000000 1.000000 0.712249 1.832925 0.804717 0.555427
260.000000 1.000000 1.000000 0.360704 -0.365283 -0.438976 0.028956
261.000000 1.000000 1.000000 0.569363 -0.305329 -0.501572 0.104248
262.000000 1.000000 1.000000 0.504048 -0.990470 -0.847608 -0.030414
263.000000 1.000000 1.000000 0.987956 0.557270 0.033009 0.444382
264.000000 1.000000 1.000000 0.716499 -0.450671 -0.281566 0.221715
265.000000 1.000000 1.000000 1.033251 0.773771 0.573094 0.610399
266.000000 1.000000 1.000000 1.094933 1.060471 0.950781 0.742574
267.000000 1.000000 1.000000 1.082507 0.960300 1.075931 0.767629
268.000000 1.000000 1.000000 0.897756 0.035435 0.691797 0.565881
269.000000 1.000000 1.000000 2.012392 3.586663 2.450344 1.588689
270.000000 1.000000 1.000000 1.689923 1.681424 1.381972 1.126258
271.000000 1.000000 1.000000 -1.415548 -0.640907 -0.443995 -0.731610
272.000000 1.000000 1.000000 -1.243726 -1.118188 -0.800021 -0.758147
273.000000 1.000000 1.000000 -1.091623 -1.801259 -1.148225 -0.792299
274.000000 1.000000 1.000000 -0.474055 -0.951168 -0.538987 -0.334313
275.000000 1.000000 1.000000 0.224940 -0.058303 0.342784 0.238755
276.000000 1.000000 1.000000 0.921109 0.386619 1.297827 0.829802
277.000000 1.000000 1.000000 -3.114783 -3.857262 -3.714175 -2.482414
278.000000 1.000000 1.000000 -2.084685 -2.001017 -1.950534 -1.502886
279.000000 1.000000 1.000000 -1.138972 0.136960 -0.268416 -0.584761
280.000000 1.000000 1.000000 -0.741795 0.601315 0.354358 -0.226675
281.000000 1.000000 1.000000 -0.504685 0.604500 0.539863 -0.068167
282.000000 1.000000 1.000000 -0.476787 -0.146670 0.170631 -0.166249
283.000000 1.000000 1.000000 0.255490 1.629906 0.943833 0.394411
284.000000 1.000000 1.000000 -0.009159 -0.211137 -0.165194 -0.052423
285.000000 1.000000 1.000000 0.081338 -0.691977 -0.589390 -0.136073
286.000000 1.000000 1.000000 0.475549 0.078842 -0.324875 0.120292
287.000000 1.000000 1.000000 0.066628 -1.858931 -1.322112 -0.362333
288.000000 1.000000 1.000000 0.677988 0.130115 -0.235903 0.231289
289.000000 1.000000 1.000000 0.631549 -0.079919 -0.159905 0.226275
290.000000 1.000000 1.000000 0.769849 0.488951 0.362320 0.435859
291.000000 1.000000 1.000000 0.767155 0.543149 0.629215 0.506019
292.000000 1.000000 1.000000 1.117038 1.754812 1.430956 0.895105
293.000000 1.000000 1.000000 1.393405 2.471477 1.903866 1.155425
294.000000 1.000000 1.000000 1.257906 1.389189 1.386688 0.938456
295.000000 1.000000 1.000000 1.573572 1.600082 1.459422 1.102269
296.000000 1.000000 1.000000 1.657221 0.610017 0.927732 0.983410
297.000000 1.000000 1.000000 2.054948 0.393381 0.866672 1.146186
298.000000 1.000000 1.000000 -0.494886 -1.029291 -0.132237 -0.216499
299.000000 1.000000 1.000000 0.692453 0.742284 1.260891 0.731105
300.000000 1.000000 1.000000 -3.047951 -2.816822 -3.601206 -2.399108
301.000000 1.000000 1.000000 -2.314252 -2.260983 -2.603114 -1.778079
302.000000 1.000000 1.000000 -1.674148 -1.238459 -1.484364 -1.164967
303.000000 1.000000 1.000000 -1.308425 -0.674481 -0.704562 -0.776784
304.000000 1.000000 1.000000 -0.684577 1.113934 0.568537 -0.125140
305.000000 1.000000 1.000000 -0.635100 0.896583 0.695375 -0.071191
306.000000 1.000000 1.000000 -0.912018 -0.572198 0.047531 -0.392118
307.000000 1.000000 1.000000 -0.010002 2.100272 1.345113 0.398639
308.000000 1.000000 1.000000 -0.602601 -0.789773 -0.254041 -0.342673
309.000000 1.000000 1.000000 0.164611 1.180423 0.535582 0.239495
310.000000 1.000000 1.000000 -0.199981 -0.938374 -0.723688 -0.297195
311.000000 1.000000 1.000000 -0.487163 -2.656646 -1.722727 -0.723012
312.000000 1.000000 1.000000 0.148323 -0.831227 -0.844410 -0.177485
313.000000 1.000000 1.000000 0.293606 -0.563779 -0.637108 -0.054677
314.000000 1.000000 1.000000 0.351031 -0.424869 -0.394475 0.036852
315.000000 1.000000 1.000000 0.377840 -0.293597 -0.089219 0.131828
316.000000 1.000000 1.000000 0.750195 1.067228 0.855243 0.572204
317.000000 1.000000 1.000000 0.834965 1.211163 1.167513 0.696160
318.000000 1.000000 1.000000 1.200022 2.054427 1.784620 1.038913
319.000000 1.000000 1.000000 1.617433 2.644559 2.231163 1.356970
320.000000 1.000000 1.000000 1.790316 1.805604 1.954504 1.352219
321.000000 1.000000 1.000000 1.732362 -0.490723 1.013365 1.047543
322.000000 1.000000 1.000000 2.936555 1.098472 2.193006 1.942028
323.000000 1.000000 1.000000 -0.442796 -1.549169 -2.410974 -0.944362
324.000000 1.000000 1.000000 0.545010 -0.527979 -1.407830 -0.202240
325.000000 1.000000 1.000000 -1.965019 -1.452695 -1.979739 -1.424066
326.000000 1.000000 1.000000 -1.363112 -0.281705 -1.020286 -0.873297
327.000000 1.000000 1.000000 -1.425728 -1.021592 -1.035442 -0.913303
328.000000 1.000000 1.000000 -1.575673 -1.776320 -1.085209 -1.003760
329.000000 1.000000 1.000000 -0.806931 0.914524 0.538505 -0.182695
330.000000 1.000000 1.000000 -0.880060 0.499053 0.511035 -0.230038
331.000000 1.000000 1.000000 -0.861017 0.258790 0.457855 -0.241227
332.000000 1.000000 1.000000 -0.710525 0.292054 0.425509 -0.184517
333.000000 1.000000 1.000000 -0.418204 0.658218 0.464716 -0.040549
334.000000 1.000000 1.000000 -0.356709 0.079899 -0.024620 -0.156420
335.000000 1.000000 1.000000 0.331289 1.774869 0.627511 0.349147
336.000000 1.000000 1.000000 -0.108761 -0.520252 -0.671499 -0.234439
337.000000 1.000000 1.000000 0.526452 1.268835 0.176289 0.302211
338.000000 1.000000 1.000000 0.047020 -0.784848 -0.789794 -0.204766
339.000000 1.000000 1.000000 0.366407 0.221470 -0.104591 0.136525
340.000000 1.000000 1.000000 0.322176 -0.040377 0.035118 0.150390
341.000000 1.000000 1.000000 0.331447 -0.216705 0.276118 0.218057
342.000000 1.000000 1.000000 0.808448 1.004543 1.247248 0.714198
343.000000 1.000000 1.000000 1.348383 1.954119 2.097252 1.204486
344.000000 1.000000 1.000000 2.489446 4.396073 3.729337 2.200285
345.000000 1.000000 1.000000 3.271268 4.672929 4.360278 2.738973
346.000000 1.000000 1.000000 -0.142599 1.902007 -0.304621 -0.181092
347.000000 1.000000 1.000000 -0.146113 -0.892772 -1.327150 -0.485056
348.000000 1.000000 1.000000 0.587610 -0.317012 -0.826424 -0.004611
349.000000 1.000000 1.000000 1.302521 0.808387 -0.117948 0.527592
350.000000 1.000000 1.000000 1.150187 -0.673662 -0.714313 0.279122
351.000000 1.000000 1.000000 1.510215 0.147691 -0.110045 0.615835
352.000000 1.000000 1.000000 -2.016300 -2.929063 -1.927692 -1.437904
353.000000 1.000000 1.000000 -1.858063 -2.346196 -1.374373 -1.210210
354.000000 1.000000 1.000000 -1.587029 -1.327094 -0.622492 -0.872510
355.000000 1.000000 1.000000 -1.125595 0.281323 0.359788 -0.379221
356.000000 1.000000 1.000000 -0.514452 2.243741 1.420463 0.206994
357.000000 1.000000 1.000000 -1.117955 -0.424663 0.043283 -0.475908
358.000000 1.000000 1.000000 -1.012192 -0.713610 -0.236306 -0.510950
359.000000 1.000000 1.000000 -1.074006 -1.732056 -0.942211 -0.746820
360.000000 1.000000 1.000000 -0.583482 -0.766993 -0.657866 -0.439435
361.000000 1.000000 1.000000 -0.513942 -1.255907 -1.052095 -0.524382
362.000000 1.000000 1.000000 -0.257133 -0.929283 -0.934757 -0.374960
363.000000 1.000000 1.000000 -0.224099 -1.276847 -1.021344 -0.389431
364.000000 1.000000 1.000000 -0.035935 -0.993990 -0.644856 -0.198784
365.000000 1.000000 1.000000 0.195996 -0.630032 -0.088193 0.063432
366.000000 1.000000 1.000000 0.920790 1.237579 1.346556 0.807992
367.000000 1.000000 1.000000 1.046516 0.394902 1.529369 0.911240
368.000000 1.000000 1.000000 2.630658 4.041364 4.081712 2.377201
369.000000 1.000000 1.000000 -0.567930 2.453069 0.211611 -0.214196
370.000000 1.000000 1.000000 -0.502754 0.154612 -0.438023 -0.379173
371.000000 1.000000 1.000000 0.077234 0.204624 -0.185224 -0.042019
372.000000 1.000000 1.000000 0.858029 1.378958 0.452650 0.501014
373.000000 1.000000 1.000000 0.604220 -0.837659 -0.695957 0.046831
374.000000 1.000000 1.000000 1.031084 -0.226216 -0.423566 0.320100
375.000000 1.000000 1.000000 1.349184 0.334198 -0.117509 0.552145
376.000000 1.000000 1.000000 1.211733 -0.455092 -0.402975 0.400731
377.000000 1.000000 1.000000 1.295656 -0.211570 -0.088907 0.525120
378.000000 1.000000 1.000000 1.702320 1.327697 0.923519 1.001241
379.000000 1.000000 1.000000 -1.198246 0.757316 0.363159 -0.397820
380.000000 1.000000 1.000000 -1.260955 0.490949 0.412225 -0.418197
381.000000 1.000000 1.000000 -1.211498 0.444003 0.477568 -0.381105
382.000000 1.000000 1.000000 -1.019972 0.689811 0.579176 -0.266751
383.000000 1.000000 1.000000 -0.806283 0.808378 0.517573 -0.188651
384.000000 1.000000 1.000000 -0.857560 -0.185632 -0.163667 -0.412568
385.000000 1.000000 1.000000 -0.495503 0.247871 -0.130336 -0.237613
386.000000 1.000000 1.000000 -0.716720 -1.439135 -1.098170 -0.623826
387.000000 1.000000 1.000000 -0.397903 -1.137802 -0.940475 -0.434232
388.000000 1.000000 1.000000 -0.336129 -1.775068 -1.078675 -0.450858
389.000000 1.000000 1.000000 0.079009 -1.248901 -0.426546 -0.075920
390.000000 1.000000 1.000000 0.927588 0.534483 1.076452 0.745243
391.000000 1.000000 1.000000 1.277106 -0.079946 1.598933 1.049360
392.000000 1.000000 1.000000 -1.552835 0.055720 -1.212149 -1.065591
393.000000 1.000000 1.000000 -0.852802 0.517952 -0.246766 -0.469768
394.000000 1.000000 1.000000 -0.661759 -0.429155 -0.287308 -0.399643
395.000000 1.000000 1.000000 -0.039836 0.440393 0.333529 0.063712
396.000000 1.000000 1.000000 0.284735 0.385848 0.302283 0.201413
397.000000 1.000000 1.000000 0.396149 -0.310067 -0.163243 0.115117
398.000000 1.000000 1.000000 0.593758 -0.534308 -0.425106 0.128009
399.000000 1.000000 1.000000 0.756889 -0.679706 -0.610914 0.146627
400.000000 1.000000 1.000000 1.191340 0.398526 -0.096575 0.493340
401.000000 1.000000 1.000000 0.947529 -0.744563 -0.592248 0.231884
402.000000 1.000000 1.000000 1.582215 1.501485 0.710062 0.898289
403.000000 1.000000 1.000000 1.185698 0.123673 0.251001 0.575418
404.000000 1.000000 1.000000 1.413081 1.024454 0.943454 0.875633
405.000000 1.000000 1.000000 1.563263 1.549637 1.400292 1.072111
406.000000 1.000000 1.000000 -1.550767 -0.068690 0.181515 -0.615774
407.000000 1.000000 1.000000 -1.537933 -0.466205 -0.018066 -0.671755
408.000000 1.000000 1.000000 -1.090882 0.462360 0.357287 -0.358967
409.000000 1.000000 1.000000 -1.036925 -0.262109 -0.145230 -0.482538
410.000000 1.000000 1.000000 -0.696773 -0.133702 -0.199682 -0.343569
411.000000 1.000000 1.000000 -0.537367 -0.819625 -0.564010 -0.378894
412.000000 1.000000 1.000000 0.167607 0.301595 0.158325 0.152593
413.000000 1.000000 1.000000 0.037765 -1.865980 -0.523133 -0.111667
414.000000 1.000000 1.000000 1.046889 -0.329518 0.957954 0.777179
415.000000 1.000000 1.000000 -2.457336 -2.669869 -3.111080 -2.015022
416.000000 1.000000 1.000000 -1.285808 -0.302158 -1.091482 -0.895699
417.000000 1.000000 1.000000 -0.624968 0.824759 0.094282 -0.253660
418.000000 1.000000 1.000000 -0.481415 0.410857 0.297102 -0.135096
419.000000 1.000000 1.000000 -0.557377 -0.671045 -0.036757 -0.272531
420.000000 1.000000 1.000000 0.271797 1.534285 1.103083 0.438248
421.000000 1.000000 1.000000 0.482913 1.451465 0.958490 0.491039
422.000000 1.000000 1.000000 0.152708 -0.618338 -0.260841 -0.018208
423.000000 1.000000 1.000000 0.898576 1.263588 0.493712 0.543835
424.000000 1.000000 1.000000 0.678336 -0.233944 -0.400180 0.179592
425.000000 1.000000 1.000000 0.454272 -1.550760 -1.110551 -0.133952
426.000000 1.000000 1.000000 1.158777 0.726320 0.095284 0.537739
427.000000 1.000000 1.000000 -0.430324 -5.121565 -2.679751 -1.009006
428.000000 1.000000 1.000000 0.839865 -0.460123 -0.109829 0.319150
429.000000 1.000000 1.000000 1.326359 1.379098 1.058361 0.877406
430.000000 1.000000 1.000000 1.382654 1.557483 1.357299 0.984459
431.000000 1.000000 1.000000 0.914095 -0.382225 0.519722 0.519245
432.000000 1.000000 1.000000 1.692556 1.904653 1.720721 1.223995
433.000000 1.000000 1.000000 -0.863139 1.625760 1.057840 -0.042738
434.000000 1.000000 1.000000 -0.929087 0.115703 0.276478 -0.303439
435.000000 1.000000 1.000000 -0.609036 -0.384848 0.071823 -0.218303
436.000000 1.000000 1.000000 -0.017232 -0.320657 0.317378 0.122343
437.000000 1.000000 1.000000 0.431012 -1.276596 0.318095 0.323728
438.000000 1.000000 1.000000 -2.647292 -2.483880 -3.388448 -2.164257
439.000000 1.000000 1.000000 -2.120366 -2.724816 -2.813707 -1.761661
440.000000 1.000000 1.000000 -1.676983 -2.445774 -2.083127 -1.352188
441.000000 1.000000 1.000000 -0.808117 -0.060696 -0.391203 -0.466242
442.000000 1.000000 1.000000 -0.499229 0.604322 0.327551 -0.121435
443.000000 1.000000 1.000000 -0.647345 -0.289937 0.134552 -0.251992
444.000000 1.000000 1.000000 -0.307761 0.530157 0.661971 0.053475
445.000000 1.000000 1.000000 -0.053263 0.901056 0.827900 0.215706
446.000000 1.000000 1.000000 0.192158 1.088182 0.792074 0.316071
447.000000 1.000000 1.000000 0.088510 -0.090365 0.006253 0.037634
448.000000 1.000000 1.000000 0.085749 -0.908690 -0.606252 -0.143720
449.000000 1.000000 1.000000 0.979503 1.624551 0.512688 0.592229
450.000000 1.000000 1.000000 0.229619 -1.628201 -1.184538 -0.251126
451.000000 1.000000 1.000000 0.619493 -0.523690 -0.582181 0.099830
452.000000 1.000000 1.000000 0.906944 0.410154 0.039722 0.408134
453.000000 1.000000 1.000000 0.387828 -1.459855 -0.670107 -0.044243
454.000000 1.000000 1.000000 0.888134 0.371265 0.513515 0.524775
455.000000 1.000000 1.000000 1.388334 2.052989 1.613154 1.069517
456.000000 1.000000 1.000000 1.486946 1.975407 1.790887 1.161158
457.000000 1.000000 1.000000 1.850100 2.420234 2.190284 1.440185
458.000000 1.000000 1.000000 2.177212 2.185432 2.239275 1.601184
459.000000 1.000000 1.000000 2.666063 1.900144 2.321407 1.846617
460.000000 1.000000 1.000000 0.683968 1.815400 2.150103 0.986295
461.000000 1.000000 1.000000 -3.613096 -4.187105 -4.150895 -2.817532
462.000000 1.000000 1.000000 -2.456684 -2.596537 -2.883088 -1.920330
463.000000 1.000000 1.000000 -1.922145 -2.411737 -2.412582 -1.542314
464.000000 1.000000 1.000000 -0.641989 1.173760 -0.264053 -0.332126
465.000000 1.000000 1.000000 -1.078895 -0.956953 -0.993945 -0.752775
466.000000 1.000000 1.000000 -0.735517 0.070368 -0.152907 -0.356188
467.000000 1.000000 1.000000 -0.556281 0.637982 0.412603 -0.115328
468.000000 1.000000 1.000000 -0.608448 0.336741 0.461599 -0.130934
469.000000 1.000000 1.000000 -0.332733 1.078427 0.926808 0.126986
470.000000 1.000000 1.000000 -0.299257 0.736887 0.731192 0.081905
471.000000 1.000000 1.000000 0.011914 1.208993 0.842388 0.255337
472.000000 1.000000 1.000000 0.390110 1.796200 0.946479 0.458299
473.000000 1.000000 1.000000 0.080855 -0.138629 -0.229611 -0.028545
474.000000 1.000000 1.000000 -0.084301 -1.468688 -1.060263 -0.348751
475.000000 1.000000 1.000000 0.198370 -1.007323 -0.903437 -0.175703
476.000000 1.000000 1.000000 0.542087 -0.124233 -0.419959 0.119460
477.000000 1.000000 1.000000 0.543371 -0.314824 -0.357103 0.132986
478.000000 1.000000 1.000000 1.020076 1.291734 0.709842 0.657315
479.000000 1.000000 1.000000 1.318480 2.167387 1.480494 1.012596
480.000000 1.000000 1.000000 1.277578 1.535460 1.534147 1.002492
481.000000 1.000000 1.000000 2.266115 4.158263 3.247071 1.950792
482.000000 1.000000 1.000000 2.339347 2.775564 2.983749 1.901733
483.000000 1.000000 1.000000 3.017939 2.723642 3.472529 2.351159
484.000000 1.000000 1.000000 -0.361908 0.105202 -1.101270 -0.526834
485.000000 1.000000 1.000000 0.096699 -1.007122 -1.276182 -0.370798
486.000000 1.000000 1.000000 0.838970 -0.420697 -0.780289 0.112290
487.000000 1.000000 1.000000 -1.707748 -1.284870 -1.602395 -1.197164
488.000000 1.000000 1.000000 -1.739097 -2.378720 -2.029267 -1.340194
489.000000 1.000000 1.000000 -1.707090 -2.796959 -2.072131 -1.343003
490.000000 1.000000 1.000000 -0.967022 -0.311436 -0.602213 -0.579423
491.000000 1.000000 1.000000 -1.233069 -1.280891 -0.834750 -0.776250
492.000000 1.000000 1.000000 -0.891805 0.006609 0.058690 -0.364997
493.000000 1.000000 1.000000 -0.998120 -0.410223 0.041494 -0.424874
494.000000 1.000000 1.000000 -0.831547 -0.012366 0.340886 -0.265704
495.000000 1.000000 1.000000 -0.667281 0.157057 0.414645 -0.172148
496.000000 1.000000 1.000000 -0.332278 0.740064 0.592982 0.031710
497.000000 1.000000 1.000000 -0.662937 -1.235224 -0.584026 -0.465477
498.000000 1.000000 1.000000 -0.228824 -0.481212 -0.408841 -0.215872
499.000000 1.000000 1.000000 -0.561464 -2.460194 -1.566654 -0.708563
500.000000 1.000000 1.000000 -0.111333 -1.478363 -1.143485 -0.380650
