1.000000 1.000000 1.000000 0.016318 -0.041580 -0.020129 -0.061982 0.017135 0.026305 0.054773 -0.014295 0.040330 0.029500 0.039021 0.025722 0.004897 -0.000669 0.007635 0.010337 -0.048133 0.026122 -0.003136 -0.003318 -0.026338 -0.069532 -0.010831 -0.029183 -0.048631 0.004844 0.031785 0.037695 0.021325 0.031090 -0.030241 0.022431 0.030598 -0.058058 -0.024445 -0.002440 0.008698 -0.035199 0.022023 -0.055766
2.000000 1.000000 1.000000 -0.030196 -0.002069 -0.078647 -0.145665 0.063069 0.010833 0.125444 -0.005118 0.005324 0.033096 -0.007025 0.119463 -0.101416 -0.075014 0.043189 0.016172 -0.067691 -0.002428 0.007318 -0.028933 -0.025550 -0.105774 0.013351 -0.043770 0.010510 0.050769 0.018129 0.007907 0.090596 0.055758 -0.109986 0.035545 0.003299 -0.033741 -0.011717 0.033287 -0.037970 0.058702 0.053428 -0.014785
3.000000 1.000000 1.000000 -0.021051 0.064400 0.067145 0.040501 -0.013720 -0.021916 -0.032942 0.016865 -0.027226 -0.036956 -0.084685 0.016346 -0.057488 -0.087749 0.004757 -0.022181 0.054345 -0.071129 -0.033934 0.104583 -0.011607 0.021455 0.013976 0.076541 0.101068 0.004542 -0.025365 -0.043012 -0.004985 -0.038692 -0.052679 -0.003041 -0.010656 0.102452 -0.004182 0.041664 0.016237 0.100677 -0.026771 0.116150
4.000000 1.000000 1.000000 -0.059066 0.031670 -0.027428 0.010463 0.038660 0.035094 0.054389 0.010193 0.025670 -0.039276 -0.000889 0.008437 0.003700 0.029533 0.018351 0.083247 0.056712 -0.034312 0.030937 0.027352 0.037325 0.019852 0.004388 -0.035797 -0.061365 -0.034772 0.053308 -0.016834 -0.094265 0.034438 0.002632 0.001156 0.006200 0.017401 0.037988 -0.006712 -0.046537 0.011654 0.028473 -0.017573
5.000000 1.000000 1.000000 0.013386 0.012535 0.004011 0.029535 0.014108 0.034521 0.005234 -0.017458 -0.003875 -0.022767 0.016286 -0.021143 0.029460 0.071813 -0.000950 0.021778 0.042149 -0.035769 -0.012379 0.010650 -0.012598 0.008543 -0.028268 -0.053020 -0.006657 -0.044404 0.041227 -0.011768 -0.017219 0.015878 -0.012113 0.022906 -0.006126 0.002943 -0.022575 -0.100315 0.006500 0.007781 0.011049 0.021097
6.000000 1.000000 1.000000 -0.074360 0.003915 -0.040329 0.013596 -0.023961 -0.025702 -0.099320 0.051142 -0.012867 -0.012108 0.057402 0.005752 -0.013834 -0.058667 0.002848 0.039159 0.105909 0.025056 0.033093 0.033266 0.054590 0.016803 0.055946 0.058791 -0.063015 0.026366 -0.019484 0.018646 -0.003965 -0.026767 0.045352 -0.054072 0.052770 0.040522 0.075015 -0.008764 -0.018787 -0.026699 -0.024603 -0.049288
7.000000 1.000000 1.000000 0.013231 -0.032261 -0.018171 -0.146653 0.009787 0.001079 0.024911 -0.008946 0.025845 0.029801 0.032698 0.014675 0.001904 -0.030348 0.002631 -0.005568 -0.047479 0.037383 0.011468 -0.014232 -0.004730 -0.029499 -0.002414 0.013543 -0.025378 0.017096 -0.000391 0.020965 0.019126 0.018879 0.003282 0.005801 0.000795 -0.051678 -0.005209 -0.010143 -0.007329 -0.031923 0.015324 -0.047105
8.000000 1.000000 1.000000 0.009389 0.010720 0.032020 0.029469 -0.025040 0.016014 -0.012319 0.004797 -0.024694 -0.018885 -0.039858 -0.002084 -0.005077 0.061468 -0.004198 -0.008325 0.029199 -0.045584 -0.052100 0.025194 -0.043187 -0.037669 -0.004407 -0.060138 0.022993 -0.017596 0.019962 0.011558 -0.023298 -0.027627 -0.057476 0.011838 0.051696 0.054333 -0.035645 0.029932 0.058915 0.029124 -0.028116 0.052118
9.000000 1.000000 1.000000 0.021693 0.019035 -0.006336 0.060226 0.006494 -0.008585 -0.054950 -0.018397 -0.030063 -0.015920 0.033616 -0.057768 0.047278 0.019953 -0.014613 -0.107578 0.037858 0.000720 0.026722 -0.017173 0.034758 0.098767 -0.024082 0.037675 0.023407 -0.029693 -0.016337 -0.044029 -0.024647 0.004517 0.076333 -0.005500 -0.080755 -0.014526 0.012671 -0.030180 -0.033764 -0.009153 0.008015 0.017523
10.000000 1.000000 1.000000 -0.037981 -0.020577 0.012641 -0.109398 0.002612 -0.013791 0.077159 0.026995 0.056540 0.035289 -0.046695 0.098086 -0.092139 -0.085240 0.025796 -0.003966 -0.075334 0.017762 -0.013921 -0.000245 -0.028409 -0.117577 0.044048 -0.010603 -0.006667 0.069161 -0.009660 0.044367 0.057894 -0.000627 -0.090899 -0.000803 0.072619 0.007414 0.001348 0.037714 0.013769 0.025743 -0.000319 -0.026011
11.000000 1.000000 1.000000 -0.032135 0.010897 0.031789 0.010883 -0.061954 -0.058914 -0.047244 0.049461 0.060168 0.003305 -0.096034 0.024134 -0.062119 -0.067356 -0.105558 -0.045733 -0.017911 0.003647 -0.027883 0.014443 -0.003977 -0.019764 0.057529 0.049355 0.051252 0.059894 -0.067979 0.016756 -0.004905 -0.075170 -0.020713 -0.045084 0.058132 0.086824 0.023443 0.032938 0.044110 0.032147 -0.062613 0.039570
12.000000 1.000000 1.000000 -0.006147 0.013582 0.045363 0.106138 -0.115942 -0.036599 -0.108881 0.054623 -0.110867 -0.030147 -0.123804 -0.036128 -0.009199 0.042995 0.069767 -0.052702 0.041751 -0.039045 -0.086327 0.059788 -0.040756 -0.021168 0.042995 -0.002955 0.048906 0.011147 -0.042057 0.035373 -0.073770 -0.123932 -0.030167 -0.045712 0.123149 0.148614 -0.011983 0.045326 0.127633 0.020623 -0.113933 0.084822
13.000000 1.000000 1.000000 -0.016006 0.083293 0.058579 0.096761 -0.006571 -0.002897 -0.054890 0.006031 -0.048718 -0.065704 -0.066357 -0.027143 -0.013718 0.069199 -0.002755 0.000376 0.107705 -0.094720 -0.026371 0.014265 0.004637 0.075667 -0.007605 -0.037681 0.091410 -0.040002 -0.002925 -0.066898 -0.032867 -0.031245 -0.018319 0.000909 -0.037555 0.108517 -0.001248 0.026146 0.004996 0.095730 -0.021330 0.230539
14.000000 1.000000 1.000000 0.039492 -0.135455 0.006483 -0.005403 -0.016176 0.055369 0.027983 -0.015275 -0.000935 0.002857 0.009771 -0.001455 0.029138 0.098911 -0.104630 0.005561 -0.002310 -0.025660 -0.064589 0.031983 -0.076212 -0.100671 -0.027552 -0.103999 -0.038276 -0.034681 0.066403 0.053792 -0.022655 -0.000028 -0.078399 0.038010 0.090944 -0.003943 0.028907 0.022212 0.083797 -0.021927 0.087738 -0.003315
15.000000 1.000000 1.000000 -0.017738 0.073896 0.083939 0.020308 0.016927 0.031088 0.026618 -0.000651 0.004805 -0.053430 -0.080978 0.041835 -0.063917 0.085131 0.020001 0.011991 0.079711 -0.123234 -0.063542 0.019138 -0.052731 -0.036388 -0.011537 -0.124823 0.089344 -0.030777 0.041509 -0.038825 0.003693 -0.007099 -0.132311 0.040210 -0.083287 0.107207 -0.045941 0.064314 0.033173 0.132807 -0.003497 0.138635
16.000000 1.000000 1.000000 0.038890 0.011744 0.020946 0.026061 0.015654 0.030603 -0.006979 -0.031235 -0.005178 -0.014822 0.024574 -0.023468 0.028366 0.075185 -0.004047 -0.003104 0.033753 0.062594 -0.021721 -0.005379 -0.027085 0.010438 -0.041502 -0.055284 0.026803 -0.043138 -0.068306 -0.020408 -0.015257 0.116635 -0.119757 0.134165 -0.029938 -0.007235 -0.043010 0.002510 0.012083 0.018458 0.013591 0.041441
17.000000 1.000000 1.000000 -0.016579 0.029838 0.001611 0.034403 0.012575 0.009968 -0.004033 0.000026 -0.007251 -0.028599 -0.005718 -0.014533 0.008802 0.028900 0.002301 0.025182 0.046980 -0.029879 0.009286 0.008201 0.018689 0.040038 -0.005873 -0.012980 0.002751 -0.025825 0.014347 -0.026975 -0.009870 0.006250 0.011647 0.000380 -0.021225 0.023275 0.013090 -0.002968 -0.019807 0.020393 0.006786 0.023634
18.000000 1.000000 1.000000 -0.027615 0.065324 0.032341 0.070022 -0.021670 -0.086260 -0.103711 -0.075195 -0.054502 -0.022010 -0.056097 -0.028300 -0.033961 -0.086256 -0.011157 -0.048656 0.036362 -0.000874 0.038993 -0.031133 0.072332 0.146826 0.032578 0.123665 0.113159 0.035292 -0.107854 -0.079186 -0.007901 -0.049592 0.087981 -0.054321 -0.106364 0.067182 0.066741 -0.008668 -0.055338 0.058475 -0.027151 0.078390
19.000000 1.000000 1.000000 0.001512 0.005766 -0.011589 0.051357 -0.018468 -0.010628 -0.045097 0.005113 -0.035345 -0.012861 0.001808 0.058700 0.032108 0.011369 -0.013747 -0.002153 0.024971 0.005306 0.009309 0.007052 0.022674 0.052043 0.000410 0.030741 -0.003732 -0.013441 -0.013907 -0.009870 -0.028051 -0.017963 0.051786 -0.018934 -0.012738 0.011734 0.017427 -0.016083 -0.001308 -0.019469 -0.115792 0.001581
20.000000 1.000000 1.000000 0.042396 -0.005028 -0.033611 -0.097064 0.051932 -0.011221 0.085783 0.012120 0.076530 0.024275 0.015499 0.068875 -0.053856 -0.107624 0.030159 0.040903 -0.151351 0.041264 -0.036710 -0.021254 0.046269 -0.017255 0.130571 0.042009 -0.044866 0.046107 -0.005870 -0.000748 0.067504 0.048890 0.005256 -0.009185 -0.021970 -0.048055 0.054486 -0.011410 -0.082438 -0.001416 0.047825 -0.072012
21.000000 1.000000 1.000000 0.009357 0.066002 0.054539 -0.052788 0.130740 0.021268 -0.010611 -0.023450 -0.006444 -0.046266 -0.017939 -0.009097 -0.009638 0.075432 0.006544 0.005138 0.080678 -0.086200 -0.019510 -0.007861 -0.011995 0.048196 -0.034568 -0.065688 0.082266 -0.046899 0.023013 -0.066012 -0.007475 0.012809 -0.039139 0.033519 -0.064921 0.048503 -0.027927 0.020133 -0.013088 0.089410 0.016932 0.108399
22.000000 1.000000 1.000000 -0.084145 0.062190 0.022688 0.050343 -0.027974 -0.031118 -0.020535 -0.043249 -0.032457 -0.048590 -0.108518 0.018233 -0.057591 -0.023876 0.008171 -0.075419 0.062130 -0.049419 -0.003371 0.037801 0.034384 0.029986 0.056033 0.014771 0.026199 0.016828 -0.025756 -0.021636 -0.009902 -0.051628 -0.013238 -0.044105 0.040699 0.126073 0.057695 0.029736 -0.001096 0.066439 -0.041082 0.060057
23.000000 1.000000 1.000000 0.014265 -0.004376 -0.001881 0.020746 -0.022981 -0.045756 -0.060665 0.004206 -0.029712 0.015299 0.003074 -0.026685 0.007410 -0.053475 -0.015192 -0.043367 -0.020021 0.038415 0.019550 -0.022787 0.026923 0.057136 0.010252 0.081926 0.034491 0.025987 -0.060968 -0.114020 -0.008138 -0.025087 0.064417 -0.028046 -0.044269 -0.008601 0.021883 -0.018042 -0.012995 -0.017113 -0.016759 -0.000700
24.000000 1.000000 1.000000 -0.031557 -0.024760 -0.044075 0.006580 -0.021204 0.008484 0.013027 0.025864 -0.007865 -0.001537 -0.004160 -0.007638 0.021630 -0.001704 -0.002872 0.036242 -0.004041 0.024323 0.008359 0.035835 0.015539 -0.122950 0.024087 0.009757 -0.084642 -0.000028 0.017773 0.041640 -0.014960 -0.010825 0.022506 -0.024532 0.071406 0.003544 0.028647 -0.010558 0.013995 -0.054173 -0.016785 -0.063270
25.000000 1.000000 1.000000 0.022592 -0.027456 -0.011750 0.049250 -0.065550 -0.046021 -0.089285 0.018451 -0.064437 0.016888 -0.011249 -0.049869 0.031588 -0.030658 -0.029958 -0.052970 -0.022961 0.048776 -0.006127 0.003492 0.010232 0.033496 0.019470 0.081258 0.007499 0.023860 -0.060684 0.021953 -0.039178 -0.059241 0.069119 -0.042619 -0.082206 0.010083 0.014008 -0.015703 0.038367 -0.052698 -0.052944 -0.014732
26.000000 1.000000 1.000000 0.098538 0.027561 -0.108106 0.011604 0.031912 0.020508 0.030346 -0.163192 0.049305 0.070266 0.110001 0.006069 0.032931 -0.006005 -0.004265 -0.050346 -0.097579 0.061553 -0.002766 -0.056964 -0.050963 -0.056633 -0.055803 -0.009762 0.000156 0.006992 0.009933 0.025896 0.030391 0.054922 -0.010095 0.052483 -0.049307 -0.142936 -0.072674 -0.021259 0.003890 -0.055851 0.046200 -0.056877
27.000000 1.000000 1.000000 0.040478 -0.019268 0.001088 0.051895 0.038965 0.024767 0.037114 -0.038417 0.040627 0.022889 0.058174 0.012061 0.010177 0.012703 0.006633 -0.005627 -0.029392 0.008935 0.003794 -0.029771 -0.022635 -0.023038 -0.036468 -0.029458 0.002957 -0.010341 0.024012 -0.003444 0.023934 0.046547 -0.019519 0.138987 -0.041254 -0.069430 -0.037263 -0.007720 -0.016271 -0.006017 0.040960 -0.015489
28.000000 1.000000 1.000000 -0.003471 -0.004887 -0.020409 0.078305 -0.055046 -0.027635 -0.079229 0.024414 -0.067574 -0.012295 -0.018721 -0.059738 0.042544 0.003160 -0.025685 -0.013723 0.022342 0.020766 0.001505 0.123341 0.027060 0.055127 0.018771 0.058474 -0.015805 -0.003515 -0.033493 0.009326 -0.049866 -0.051927 0.074173 -0.043782 0.022807 0.034215 0.029916 -0.017716 0.025116 -0.043452 -0.047858 -0.008036
29.000000 1.000000 1.000000 -0.065604 0.031180 -0.038844 0.056575 0.002761 0.006302 -0.000835 0.029226 -0.017195 -0.043976 -0.017573 -0.025740 0.021971 0.011712 0.002517 0.168281 0.065011 0.085124 0.038235 0.036529 0.062049 0.063140 0.022644 0.018398 -0.062169 -0.026610 0.018258 -0.015492 -0.021076 -0.001846 0.056906 -0.032941 0.011494 0.040591 0.065393 -0.018742 -0.038421 -0.012101 -0.002959 -0.021618
30.000000 1.000000 1.000000 -0.020046 0.010966 -0.019161 0.053826 -0.013336 0.012258 -0.017301 0.012853 -0.027940 -0.028563 -0.008682 -0.033158 0.032476 0.040327 -0.006960 0.031778 0.045873 -0.015267 0.002910 0.030197 0.018863 0.029366 0.003651 -0.006293 -0.037151 -0.029331 0.019204 0.000560 -0.031134 -0.011922 0.028776 -0.014598 0.023933 0.029171 0.019485 -0.008825 0.005620 -0.016905 -0.014222 -0.004479
31.000000 1.000000 1.000000 -0.067006 0.010411 -0.020154 -0.040873 -0.000736 -0.069319 0.000183 0.041720 0.016570 0.018966 -0.034923 0.039797 -0.062530 -0.153393 0.011513 -0.003893 -0.143827 -0.044358 -0.037020 -0.020261 0.072359 0.041361 0.062934 0.121665 0.004486 0.075890 -0.077929 -0.012971 0.041194 -0.013564 0.056920 -0.056236 -0.028373 0.007592 0.087438 -0.011624 -0.068715 0.004050 -0.002040 -0.038836
32.000000 1.000000 1.000000 0.036756 -0.047427 -0.022945 -0.009882 -0.018442 0.006729 -0.009137 -0.010532 -0.007072 0.027576 0.037535 -0.020086 0.038043 0.008180 -0.013146 -0.017588 -0.039014 0.040060 -0.008934 0.000016 -0.019483 -0.029308 -0.011103 0.007739 -0.036437 0.000428 0.003986 0.037835 -0.012733 -0.001843 0.017058 0.002696 0.026337 -0.046820 -0.021560 -0.014389 0.030254 -0.060396 -0.007360 -0.048015
33.000000 1.000000 1.000000 -0.024741 0.000789 0.018253 -0.020419 -0.029322 -0.033245 -0.005839 0.030463 -0.006183 0.010253 -0.057382 0.034544 -0.152154 -0.055080 0.003271 -0.023876 -0.026912 0.007013 -0.015480 0.005954 -0.007158 -0.035051 0.038696 0.024142 0.024373 0.046257 -0.037069 0.017556 0.011646 -0.036732 -0.029402 -0.022870 0.043058 0.043401 0.012935 0.024209 0.023058 0.021685 -0.030286 0.012967
34.000000 1.000000 1.000000 -0.022790 -0.030420 -0.038081 -0.009803 -0.034989 -0.151559 -0.031515 0.031723 -0.016908 0.028980 -0.006412 -0.005537 -0.002383 -0.098275 -0.010100 -0.018844 -0.051910 0.074337 0.035093 -0.002973 0.043011 0.019975 0.043945 0.107034 -0.032368 0.052483 -0.060736 0.025706 0.001746 -0.030331 0.073189 -0.052551 0.015444 -0.014318 0.054689 -0.022739 -0.012919 -0.056904 -0.025334 -0.066109
35.000000 1.000000 1.000000 -0.019076 -0.056620 -0.016069 0.052993 0.032965 -0.004273 -0.024170 -0.009313 -0.008611 -0.032847 0.026013 -0.040405 0.029750 0.004566 -0.000523 0.030960 0.059651 -0.012378 0.054227 -0.013336 0.065564 0.118852 -0.013227 0.038452 0.007162 -0.032435 -0.005215 -0.063375 -0.008253 0.023871 0.081040 -0.010401 -0.095602 -0.004102 0.044913 -0.032817 -0.075970 0.010410 0.027461 0.012417
36.000000 1.000000 1.000000 0.033659 0.071413 0.067100 0.021594 0.057784 0.001915 -0.017415 -0.046846 0.012634 -0.027690 0.013007 -0.003895 -0.020438 0.034530 0.008979 -0.024442 0.057154 0.031051 0.004728 -0.052709 0.000031 0.085471 -0.050189 -0.030237 0.132437 -0.032161 -0.007455 -0.099958 0.017348 0.035312 -0.017821 0.043769 -0.149169 0.006518 -0.130428 0.008328 -0.055346 0.105500 0.044310 0.119496
37.000000 1.000000 1.000000 -0.049410 0.055032 -0.024671 0.118485 -0.004024 0.014443 -0.041607 0.019552 -0.051062 -0.071228 -0.019055 -0.066613 0.052112 0.068836 0.091554 0.065572 0.116230 -0.047787 0.026446 0.042653 0.061925 0.110486 0.002453 0.001724 -0.035734 -0.062670 0.025234 -0.041518 -0.052385 -0.012227 0.073095 -0.028150 -0.012941 0.066494 0.054276 -0.021221 -0.029333 0.002386 -0.011781 0.023533
38.000000 1.000000 1.000000 -0.073427 0.042163 -0.053376 -0.018169 0.082969 0.001491 0.057079 -0.000510 0.056768 -0.022981 0.145681 0.010157 -0.001951 -0.062356 0.025960 -0.014147 0.033813 0.012892 0.109799 -0.021153 0.107968 0.107534 0.007118 0.057061 -0.051695 0.089126 0.010104 -0.064018 -0.057822 0.073143 0.087666 -0.014486 -0.107693 -0.043962 0.092485 -0.046080 -0.148116 0.003672 0.072844 -0.054269
39.000000 1.000000 1.000000 -0.012963 -0.075424 0.044106 0.089171 -0.100437 -0.076273 -0.125195 0.053626 -0.100835 -0.015651 -0.113350 -0.030292 -0.029481 -0.034423 -0.027801 -0.073515 0.019531 -0.008034 -0.043778 0.023142 0.000347 0.036143 0.053279 0.071546 0.084945 0.042537 -0.093111 0.002180 -0.049577 -0.116370 0.019230 -0.062699 0.048227 0.125519 0.022164 0.028286 0.071488 0.029652 -0.098361 0.080848
40.000000 1.000000 1.000000 -0.010187 -0.000781 0.023118 0.040655 -0.072855 -0.039924 -0.062919 0.040130 -0.058946 -0.002748 0.022110 -0.007262 -0.022281 -0.017371 -0.016271 0.057432 -0.002513 -0.000626 -0.041776 0.026997 -0.016803 -0.018941 0.039972 0.028053 0.030867 0.032210 -0.046847 0.027592 -0.030807 -0.078022 -0.011205 -0.038042 0.073209 0.080101 0.005110 0.025774 0.068459 0.006493 -0.169810 0.034494
41.000000 1.000000 1.000000 0.040176 -0.040066 -0.040431 -0.064796 0.055391 0.012423 0.038420 -0.044987 0.054629 0.042850 0.108298 -0.002397 0.035646 -0.035793 0.004318 0.002070 -0.057888 0.062156 0.053999 -0.049915 0.019543 0.017866 -0.036389 0.033180 -0.034573 -0.000534 0.007617 -0.006752 0.035001 0.070395 0.052329 0.024945 -0.085196 -0.131088 -0.004475 -0.044726 -0.065661 -0.055639 0.063596 -0.079208
42.000000 1.000000 1.000000 0.007603 0.023100 0.017732 0.025674 -0.006325 -0.045467 -0.057300 -0.000468 -0.023538 0.001316 -0.007686 -0.018630 -0.009704 -0.047929 -0.008532 -0.040341 0.002542 0.011688 -0.078526 -0.030689 0.030937 0.076774 0.005005 0.069644 0.067800 0.019726 -0.060677 -0.042071 -0.000287 -0.017563 0.051164 -0.019837 -0.075102 0.008421 0.021918 -0.010392 -0.030690 0.121804 -0.006299 0.035672
43.000000 1.000000 1.000000 0.039737 -0.032655 -0.015607 -0.026130 0.004596 -0.020569 -0.019044 -0.020928 0.006894 0.037945 0.053044 -0.014135 0.020637 -0.045662 -0.009304 -0.036938 -0.052662 0.056361 -0.075693 -0.037414 0.009128 0.021276 -0.013006 0.057403 0.007184 0.019723 -0.033133 0.000454 0.010747 0.013241 -0.050300 -0.000696 -0.052595 -0.071055 -0.003298 -0.026915 -0.020800 -0.041257 0.014290 -0.038468
44.000000 1.000000 1.000000 -0.069898 -0.087391 -0.003735 -0.031621 0.000681 0.013254 0.064060 0.038419 0.026063 -0.016724 -0.060038 0.056766 -0.052973 -0.012424 0.022014 0.051121 0.008700 -0.026300 -0.009436 0.039637 -0.002103 -0.168071 0.040557 -0.040644 -0.045329 0.015792 0.029630 0.027581 0.019168 -0.005262 -0.164402 -0.010014 0.088306 0.055602 0.024639 0.029990 0.009618 0.026488 -0.108148 -0.010946
45.000000 1.000000 1.000000 -0.031515 0.022756 -0.015491 0.024745 0.010714 -0.003607 -0.002845 0.009974 -0.003747 -0.020750 -0.003624 -0.011381 0.005749 0.092890 0.002940 0.029324 0.031775 0.094039 0.029129 0.006302 0.139596 0.049210 0.008794 0.021193 -0.015266 -0.009909 -0.000391 -0.022131 -0.103306 0.005367 0.037068 -0.015639 -0.021805 0.013729 0.037171 -0.012805 -0.036318 0.003151 0.006826 -0.004211
46.000000 1.000000 1.000000 0.045491 -0.031390 -0.017580 0.034334 -0.026581 -0.003134 -0.050383 -0.013676 -0.034920 0.013785 0.037605 -0.052464 0.057654 0.022534 -0.123181 -0.027804 -0.011462 0.032099 -0.004645 -0.003271 -0.005072 0.022783 -0.018392 0.026480 -0.012558 -0.013459 -0.010727 0.114659 -0.032602 -0.013637 0.051283 -0.005051 -0.005882 -0.033406 -0.115520 -0.023299 0.024719 -0.056137 -0.015474 -0.023040
47.000000 1.000000 1.000000 0.012069 0.013319 0.015848 0.169381 -0.039957 -0.012851 -0.065296 0.009094 -0.055831 -0.019804 -0.028768 0.058025 0.021744 0.035414 -0.018523 -0.022931 0.035779 -0.018388 -0.024444 0.015672 -0.004501 0.033999 0.000777 0.007423 0.029210 -0.014375 -0.017831 -0.006221 -0.041186 -0.043103 -0.081055 -0.015495 0.010854 0.048502 -0.004826 0.004254 0.036783 0.003980 -0.038524 0.042802
48.000000 1.000000 1.000000 -0.004030 0.097472 0.064140 0.077388 -0.059264 0.021976 -0.021089 -0.023098 -0.014720 -0.070562 -0.029221 -0.019286 -0.010331 0.091721 0.008538 0.017904 0.120650 -0.113889 -0.011858 -0.006373 0.004975 0.089451 -0.037991 -0.069954 0.102157 -0.063567 0.024956 -0.096448 -0.013510 0.014289 -0.029836 -0.067548 -0.093581 0.074198 -0.016073 0.020241 -0.032588 0.117650 0.021162 0.140787
49.000000 1.000000 1.000000 -0.102816 0.016723 -0.020960 0.048686 -0.064950 -0.011905 -0.001794 0.083467 -0.043550 -0.041383 -0.115370 0.013901 -0.030938 -0.006700 0.001962 0.054427 0.043238 -0.122585 -0.019659 0.085536 0.021689 -0.037959 0.078995 0.000359 -0.073886 -0.083002 0.004893 0.048934 -0.031917 -0.071440 -0.017241 -0.062402 0.156509 0.128964 0.064160 0.028286 -0.050094 -0.002875 -0.070343 -0.012508
50.000000 1.000000 1.000000 0.057944 -0.010086 -0.009828 0.063253 -0.012536 -0.005432 -0.074291 -0.028874 -0.044235 0.001138 0.053775 -0.076731 0.073745 0.037093 -0.027023 -0.032206 0.015871 0.019677 0.008744 -0.018636 0.011092 0.079506 -0.036634 0.036306 0.017699 -0.032245 -0.017257 -0.021489 -0.039473 -0.004460 0.080445 -0.000024 -0.065108 -0.037833 -0.013717 -0.034789 -0.000875 -0.041494 -0.003464 0.003860
