0.006749
0.957382
0.452925
0.041474
0.473315
0.345995
0.112856
0.721353
0.225664
0.614675
0.648751
0.073223
0.965811
0.563672
0.357277
0.380304
0.679372
0.705479
0.032186
0.513767
0.170919
0.478308
0.670178
0.654174
0.900701
0.434936
0.271808
0.686084
0.814561
0.222741
0.770219
0.604150
0.770295
0.089621
0.680572
0.715303
0.236351
0.295260
0.062770
0.486361
0.684304
0.166203
0.575456
0.849661
0.119997
0.653639
0.985950
0.842816
0.700332
0.689466
0.230805
0.865253
0.892440
0.535194
0.861051
0.129759
0.474675
0.195828
0.230746
0.075000
0.048990
0.418253
0.238131
0.302549
0.646465
0.850238
0.739613
0.239912
0.649458
0.484246
0.338645
0.606640
0.156856
0.796003
0.176311
0.619940
0.597467
0.754333
0.182683
0.134842
0.981143
0.419074
0.203330
0.987597
0.964193
0.313641
0.115371
0.609998
0.628302
0.555632
0.496854
0.063468
0.731910
0.249879
0.302693
0.969853
0.091888
0.058926
0.240999
0.442944
0.849505
0.393376
0.519186
0.479617
0.137518
0.462251
0.130263
0.909036
0.150228
0.694796
0.621195
0.329544
0.390958
0.746798
0.383097
0.161363
0.447774
0.522993
0.915243
0.676939
0.344688
0.863807
0.123226
0.177834
0.332894
0.220853
0.117684
0.190743
0.494259
0.692596
0.456532
0.216057
0.392673
0.489119
0.670603
0.854216
0.590383
0.816027
0.838404
0.699538
0.872970
0.532396
0.904804
0.752697
0.071929
0.861890
0.969188
0.725990
0.614856
0.447674
